%YAML:1.0
M: !!opencv-matrix
   rows: 3
   cols: 3
   dt: d
   data: [ 7.5175522369528690e+03, 0., 3.9124392747062689e+03, 0.,
       7.5049381842014609e+03, 2.6659012407163382e+03, 0., 0., 1. ]
D: !!opencv-matrix
   rows: 1
   cols: 5
   dt: d
   data: [ -8.5473927507815545e-02, 1.8676446251307580e-01,
       6.7043793645444878e-04, -1.8116122546464851e-03,
       -7.1043945743761527e-01 ]
